       1   1   1   1   0   1    342   177    25    25 true
       2   1   1   1   0   1    342   176   177   177
       3   1   1   1   0   1    343   161    42    42
       4   1   1   1   0   1    343   160   161   161 true
       5   1   1   1   0   1    344   145    59    59
       6   1   1   1   0   1    344   144   145   145
       7   1   1   1   0   1    341   192   129   129
       8   1   1   1   0   1    341     9   192   192
       9   1   1   1   0   1    144   344    60    60
      10   1   1   1   0   1    344     4    60    60
      11   1   1   1   0   1     59     4   344   344
      12   1   1   1   0   1    160   343    43    43
      13   1   1   1   0   1    343     3    43    43
      14   1   1   1   0   1     42     3   343   343
      15   1   1   1   0   1    176   342    26    26
      16   1   1   1   0   1    342     2    26    26
      17   1   1   1   0   1     25     2   342   342
      18   1   1   1   0   1     76   341   129   129
      19   1   1   1   0   1    341     1     9     9
      20   1   1   1   0   1     76     1   341   341
      21   1   1   1   0   1    340   339   324   324
      22   1   1   1   0   1    338   337   318   318
      23   1   1   1   0   1    336   335   337   337
      24   1   1   1   0   1    334   333   309   309
      25   1   1   1   0   1    332   331   333   333
      26   1   1   1   0   1    330   329   300   300
      27   1   1   1   0   1    328   327   329   329
      28   1   1   1   0   1    326   325   340   340
      29   1   1   1   0   1    324   326   340   340
      30   1   1   1   0   1    323   324   339   339
      31   1   1   1   0   1    335   318   337   337
      32   1   1   1   0   1    318   317   338   338
      33   1   1   1   0   1    331   309   333   333
      34   1   1   1   0   1    309   308   334   334
      35   1   1   1   0   1    327   300   329   329
      36   1   1   1   0   1    300   299   330   330
      37   1   1   1   0   1    284   340   325   325
      38   1   1   1   0   1    283   339   340   340
      39   1   1   1   0   1    282   323   339   339
      40   1   1   1   0   1    281   322   323   323
      41   1   1   1   0   1    280   321   322   322
      42   1   1   1   0   1    279   320   321   321
      43   1   1   1   0   1    278   319   320   320
      44   1   1   1   0   1    276   316   319   319
      45   1   1   1   0   1    275   317   316   316
      46   1   1   1   0   1    274   338   317   317
      47   1   1   1   0   1    273   337   338   338
      48   1   1   1   0   1    272   336   337   337
      49   1   1   1   0   1    270   335   336   336
      50   1   1   1   0   1    269   315   335   335
      51   1   1   1   0   1    268   314   315   315
      52   1   1   1   0   1    267   313   314   314
      53   1   1   1   0   1    266   312   313   313
      54   1   1   1   0   1    265   311   312   312
      55   1   1   1   0   1    264   310   311   311
      56   1   1   1   0   1    262   307   310   310
      57   1   1   1   0   1    261   308   307   307
      58   1   1   1   0   1    260   334   308   308
      59   1   1   1   0   1    259   333   334   334
      60   1   1   1   0   1    258   332   333   333 
      61   1   1   1   0   1    256   331   332   332
      62   1   1   1   0   1    255   306   331   331
      63   1   1   1   0   1    254   305   306   306
      64   1   1   1   0   1    253   304   305   305
      65   1   1   1   0   1    252   303   304   304
      66   1   1   1   0   1    251   302   303   303
      67   1   1   1   0   1    250   301   302   302
      68   1   1   1   0   1    248   298   301   301
      69   1   1   1   0   1    247   299   298   298
      70   1   1   1   0   1    246   330   299   299
      71   1   1   1   0   1    245   329   330   330
      72   1   1   1   0   1    244   328   329   329
      73   1   1   1   0   1    242   327   328   328
      74   1   1   1   0   1    241   297   327   327
      75   1   1   1   0   1    240   296   297   297
      76   1   1   1   0   1    239   295   296   296
      77   1   1   1   0   1    238   294   295   295
      78   1   1   1   0   1    237   293   294   294
      79   1   1   1   0   1    236   292   293   293
      80   1   1   1   0   1    234   289   292   292 
      81   1   1   1   0   1    233   290   289   289
      82   1   1   1   0   1    232   291   290   290
      83   1   1   1   0   1    231   326   291   291
      84   1   1   1   0   1    230   325   326   326
      85   1   1   1   0   1    324   285   326   326
      86   1   1   1   0   1    323   228   324   324
      87   1   1   1   0   1    322   227   323   323
      88   1   1   1   0   1    321   226   322   322
      89   1   1   1   0   1    320   225   321   321
      90   1   1   1   0   1    319   224   320   320
      91   1   1   1   0   1    288   318   335   335
      92   1   1   1   0   1    222   317   318   318
      93   1   1   1   0   1    221   316   317   317
      94   1   1   1   0   1    316   223   319   319
      95   1   1   1   0   1    315   288   335   335
      96   1   1   1   0   1    314   220   315   315
      97   1   1   1   0   1    313   219   314   314
      98   1   1   1   0   1    312   218   313   313
      99   1   1   1   0   1    311   217   312   312
     100   1   1   1   0   1    310   216   311   311
     101   1   1   1   0   1    287   309   331   331
     102   1   1   1   0   1    214   308   309   309
     103   1   1   1   0   1    213   307   308   308
     104   1   1   1   0   1    307   215   310   310
     105   1   1   1   0   1    306   287   331   331
     106   1   1   1   0   1    305   212   306   306
     107   1   1   1   0   1    304   211   305   305
     108   1   1   1   0   1    303   210   304   304
     109   1   1   1   0   1    302   209   303   303
     110   1   1   1   0   1    301   208   302   302
     111   1   1   1   0   1    286   300   327   327
     112   1   1   1   0   1    206   299   300   300
     113   1   1   1   0   1    205   298   299   299
     114   1   1   1   0   1    298   207   301   301
     115   1   1   1   0   1    297   286   327   327
     116   1   1   1   0   1    296   204   297   297
     117   1   1   1   0   1    295   203   296   296
     118   1   1   1   0   1    294   202   295   295
     119   1   1   1   0   1    293   201   294   294
     120   1   1   1   0   1    292   200   293   293
     121   1   1   1   0   1    285   291   326   326
     122   1   1   1   0   1    198   290   291   291
     123   1   1   1   0   1    197   289   290   290
     124   1   1   1   0   1    289   199   292   292
     125   1   1   1   0   1    229   284   325   325
     126   1   1   1   0   1    284   283   340   340
     127   1   1   1   0   1    283   282   339   339
     128   1   1   1   0   1    282   281   323   323
     129   1   1   1   0   1    281   280   322   322
     130   1   1   1   0   1    280   279   321   321
     131   1   1   1   0   1    279   278   320   320
     132   1   1   1   0   1    278   277   319   319
     133   1   1   1   0   1    277   276   319   319
     134   1   1   1   0   1    276   275   316   316
     135   1   1   1   0   1    275   274   317   317
     136   1   1   1   0   1    274   273   338   338
     137   1   1   1   0   1    273   272   337   337
     138   1   1   1   0   1    272   271   336   336
     139   1   1   1   0   1    271   270   336   336
     140   1   1   1   0   1    270   269   335   335
     141   1   1   1   0   1    269   268   315   315
     142   1   1   1   0   1    268   267   314   314
     143   1   1   1   0   1    267   266   313   313
     144   1   1   1   0   1    266   265   312   312
     145   1   1   1   0   1    265   264   311   311
     146   1   1   1   0   1    264   263   310   310
     147   1   1   1   0   1    263   262   310   310
     148   1   1   1   0   1    262   261   307   307
     149   1   1   1   0   1    261   260   308   308
     150   1   1   1   0   1    260   259   334   334
     151   1   1   1   0   1    259   258   333   333
     152   1   1   1   0   1    258   257   332   332
     153   1   1   1   0   1    257   256   332   332
     154   1   1   1   0   1    256   255   331   331
     155   1   1   1   0   1    255   254   306   306
     156   1   1   1   0   1    254   253   305   305
     157   1   1   1   0   1    253   252   304   304
     158   1   1   1   0   1    252   251   303   303
     159   1   1   1   0   1    251   250   302   302
     160   1   1   1   0   1    250   249   301   301 
     161   1   1   1   0   1    249   248   301   301
     162   1   1   1   0   1    248   247   298   298
     163   1   1   1   0   1    247   246   299   299
     164   1   1   1   0   1    246   245   330   330
     165   1   1   1   0   1    245   244   329   329
     166   1   1   1   0   1    244   243   328   328
     167   1   1   1   0   1    243   242   328   328
     168   1   1   1   0   1    242   241   327   327
     169   1   1   1   0   1    241   240   297   297
     170   1   1   1   0   1    240   239   296   296
     171   1   1   1   0   1    239   238   295   295
     172   1   1   1   0   1    238   237   294   294
     173   1   1   1   0   1    237   236   293   293
     174   1   1   1   0   1    236   235   292   292
     175   1   1   1   0   1    235   234   292   292
     176   1   1   1   0   1    234   233   289   289
     177   1   1   1   0   1    233   232   290   290
     178   1   1   1   0   1    232   231   291   291
     179   1   1   1   0   1    231   230   326   326
     180   1   1   1   0   1    230   229   325   325
     181   1   1   1   0   1    228   285   324   324
     182   1   1   1   0   1    227   228   323   323
     183   1   1   1   0   1    226   227   322   322
     184   1   1   1   0   1    225   226   321   321
     185   1   1   1   0   1    224   225   320   320
     186   1   1   1   0   1    223   224   319   319
     187   1   1   1   0   1    288   222   318   318
     188   1   1   1   0   1    222   221   317   317
     189   1   1   1   0   1    221   223   316   316
     190   1   1   1   0   1    220   288   315   315
     191   1   1   1   0   1    219   220   314   314
     192   1   1   1   0   1    218   219   313   313
     193   1   1   1   0   1    217   218   312   312
     194   1   1   1   0   1    216   217   311   311
     195   1   1   1   0   1    215   216   310   310
     196   1   1   1   0   1    287   214   309   309
     197   1   1   1   0   1    214   213   308   308
     198   1   1   1   0   1    213   215   307   307
     199   1   1   1   0   1    212   287   306   306
     200   1   1   1   0   1    211   212   305   305
     201   1   1   1   0   1    210   211   304   304
     202   1   1   1   0   1    209   210   303   303
     203   1   1   1   0   1    208   209   302   302
     204   1   1   1   0   1    207   208   301   301
     205   1   1   1   0   1    286   206   300   300
     206   1   1   1   0   1    206   205   299   299
     207   1   1   1   0   1    205   207   298   298
     208   1   1   1   0   1    204   286   297   297
     209   1   1   1   0   1    203   204   296   296
     210   1   1   1   0   1    202   203   295   295
     211   1   1   1   0   1    201   202   294   294
     212   1   1   1   0   1    200   201   293   293
     213   1   1   1   0   1    199   200   292   292
     214   1   1   1   0   1    285   198   291   291
     215   1   1   1   0   1    198   197   290   290
     216   1   1   1   0   1    197   199   289   289
     217   1   1   1   0   1    191   284   229   229
     218   1   1   1   0   1    190   283   284   284
     219   1   1   1   0   1    189   282   283   283
     220   1   1   1   0   1    188   281   282   282
     221   1   1   1   0   1    187   280   281   281
     222   1   1   1   0   1    186   279   280   280
     223   1   1   1   0   1    185   278   279   279
     224   1   1   1   0   1    184   277   278   278
     225   1   1   1   0   1    183   276   277   277
     226   1   1   1   0   1    182   275   276   276
     227   1   1   1   0   1    181   274   275   275
     228   1   1   1   0   1    180   273   274   274
     229   1   1   1   0   1    179   272   273   273
     230   1   1   1   0   1    178   271   272   272
     231   1   1   1   0   1    175   270   271   271
     232   1   1   1   0   1    174   269   270   270
     233   1   1   1   0   1    173   268   269   269
     234   1   1   1   0   1    172   267   268   268
     235   1   1   1   0   1    171   266   267   267
     236   1   1   1   0   1    170   265   266   266
     237   1   1   1   0   1    169   264   265   265
     238   1   1   1   0   1    168   263   264   264
     239   1   1   1   0   1    167   262   263   263
     240   1   1   1   0   1    166   261   262   262 
     241   1   1   1   0   1    165   260   261   261
     242   1   1   1   0   1    164   259   260   260
     243   1   1   1   0   1    163   258   259   259
     244   1   1   1   0   1    162   257   258   258
     245   1   1   1   0   1    159   256   257   257
     246   1   1   1   0   1    158   255   256   256
     247   1   1   1   0   1    157   254   255   255
     248   1   1   1   0   1    156   253   254   254
     249   1   1   1   0   1    155   252   253   253
     250   1   1   1   0   1    154   251   252   252
     251   1   1   1   0   1    153   250   251   251
     252   1   1   1   0   1    152   249   250   250
     253   1   1   1   0   1    151   248   249   249
     254   1   1   1   0   1    150   247   248   248
     255   1   1   1   0   1    149   246   247   247
     256   1   1   1   0   1    148   245   246   246
     257   1   1   1   0   1    147   244   245   245
     258   1   1   1   0   1    146   243   244   244
     259   1   1   1   0   1    143   242   243   243
     260   1   1   1   0   1    142   241   242   242
     261   1   1   1   0   1    141   240   241   241
     262   1   1   1   0   1    140   239   240   240
     263   1   1   1   0   1    139   238   239   239
     264   1   1   1   0   1    138   237   238   238
     265   1   1   1   0   1    137   236   237   237
     266   1   1   1   0   1    136   235   236   236
     267   1   1   1   0   1    135   234   235   235
     268   1   1   1   0   1    134   233   234   234
     269   1   1   1   0   1    133   232   233   233
     270   1   1   1   0   1    132   231   232   232
     271   1   1   1   0   1    131   230   231   231
     272   1   1   1   0   1    130   229   230   230
     273   1   1   1   0   1    228   193   285   285
     274   1   1   1   0   1    227   128   228   228
     275   1   1   1   0   1    226   127   227   227
     276   1   1   1   0   1    225   126   226   226
     277   1   1   1   0   1    224   125   225   225
     278   1   1   1   0   1    223   124   224   224
     279   1   1   1   0   1    196   222   288   288
     280   1   1   1   0   1    122   221   222   222 
     281   1   1   1   0   1    221   123   223   223
     282   1   1   1   0   1    220   196   288   288
     283   1   1   1   0   1    219   121   220   220
     284   1   1   1   0   1    218   120   219   219
     285   1   1   1   0   1    217   119   218   218
     286   1   1   1   0   1    216   118   217   217
     287   1   1   1   0   1    215   117   216   216
     288   1   1   1   0   1    195   214   287   287
     289   1   1   1   0   1    115   213   214   214
     290   1   1   1   0   1    213   116   215   215
     291   1   1   1   0   1    212   195   287   287
     292   1   1   1   0   1    211   114   212   212
     293   1   1   1   0   1    210   113   211   211
     294   1   1   1   0   1    209   112   210   210
     295   1   1   1   0   1    208   111   209   209
     296   1   1   1   0   1    207   110   208   208
     297   1   1   1   0   1    194   206   286   286
     298   1   1   1   0   1    108   205   206   206
     299   1   1   1   0   1    205   109   207   207
     300   1   1   1   0   1    204   194   286   286
     301   1   1   1   0   1    203   107   204   204
     302   1   1   1   0   1    202   106   203   203
     303   1   1   1   0   1    201   105   202   202
     304   1   1   1   0   1    200   104   201   201
     305   1   1   1   0   1    199   103   200   200
     306   1   1   1   0   1    193   198   285   285
     307   1   1   1   0   1    101   197   198   198
     308   1   1   1   0   1    197   102   199   199
     309   1   1   1   0   1    129   192   229   229
     310   1   1   1   0   1    192   191   229   229
     311   1   1   1   0   1    191   190   284   284
     312   1   1   1   0   1    190   189   283   283
     313   1   1   1   0   1    189   188   282   282
     314   1   1   1   0   1    188   187   281   281
     315   1   1   1   0   1    187   186   280   280
     316   1   1   1   0   1    186   185   279   279
     317   1   1   1   0   1    185   184   278   278
     318   1   1   1   0   1    184   183   277   277
     319   1   1   1   0   1    183   182   276   276
     320   1   1   1   0   1    182   181   275   275
     321   1   1   1   0   1    181   180   274   274
     322   1   1   1   0   1    180   179   273   273
     323   1   1   1   0   1    179   178   272   272
     324   1   1   1   0   1    178   177   271   271
     325   1   1   1   0   1    177   176   271   271
     326   1   1   1   0   1    176   175   271   271
     327   1   1   1   0   1    175   174   270   270
     328   1   1   1   0   1    174   173   269   269
     329   1   1   1   0   1    173   172   268   268
     330   1   1   1   0   1    172   171   267   267
     331   1   1   1   0   1    171   170   266   266
     332   1   1   1   0   1    170   169   265   265
     333   1   1   1   0   1    169   168   264   264
     334   1   1   1   0   1    168   167   263   263
     335   1   1   1   0   1    167   166   262   262
     336   1   1   1   0   1    166   165   261   261
     337   1   1   1   0   1    165   164   260   260
     338   1   1   1   0   1    164   163   259   259
     339   1   1   1   0   1    163   162   258   258
     340   1   1   1   0   1    162   161   257   257
     341   1   1   1   0   1    161   160   257   257
     342   1   1   1   0   1    160   159   257   257
     343   1   1   1   0   1    159   158   256   256
     344   1   1   1   0   1    158   157   255   255
     345   1   1   1   0   1    157   156   254   254
     346   1   1   1   0   1    156   155   253   253
     347   1   1   1   0   1    155   154   252   252
     348   1   1   1   0   1    154   153   251   251
     349   1   1   1   0   1    153   152   250   250
     350   1   1   1   0   1    152   151   249   249
     351   1   1   1   0   1    151   150   248   248
     352   1   1   1   0   1    150   149   247   247
     353   1   1   1   0   1    149   148   246   246
     354   1   1   1   0   1    148   147   245   245
     355   1   1   1   0   1    147   146   244   244
     356   1   1   1   0   1    146   145   243   243
     357   1   1   1   0   1    145   144   243   243
     358   1   1   1   0   1    144   143   243   243
     359   1   1   1   0   1    143   142   242   242
     360   1   1   1   0   1    142   141   241   241
     361   1   1   1   0   1    141   140   240   240
     362   1   1   1   0   1    140   139   239   239
     363   1   1   1   0   1    139   138   238   238
     364   1   1   1   0   1    138   137   237   237
     365   1   1   1   0   1    137   136   236   236
     366   1   1   1   0   1    136   135   235   235
     367   1   1   1   0   1    135   134   234   234
     368   1   1   1   0   1    134   133   233   233
     369   1   1   1   0   1    133   132   232   232
     370   1   1   1   0   1    132   131   231   231
     371   1   1   1   0   1    131   130   230   230
     372   1   1   1   0   1    130   129   229   229
     373   1   1   1   0   1    128   193   228   228
     374   1   1   1   0   1    127   128   227   227
     375   1   1   1   0   1    126   127   226   226
     376   1   1   1   0   1    125   126   225   225
     377   1   1   1   0   1    124   125   224   224
     378   1   1   1   0   1    123   124   223   223
     379   1   1   1   0   1    196   122   222   222
     380   1   1   1   0   1    122   123   221   221
     381   1   1   1   0   1    121   196   220   220
     382   1   1   1   0   1    120   121   219   219
     383   1   1   1   0   1    119   120   218   218
     384   1   1   1   0   1    118   119   217   217
     385   1   1   1   0   1    117   118   216   216
     386   1   1   1   0   1    116   117   215   215
     387   1   1   1   0   1    195   115   214   214
     388   1   1   1   0   1    115   116   213   213
     389   1   1   1   0   1    114   195   212   212
     390   1   1   1   0   1    113   114   211   211
     391   1   1   1   0   1    112   113   210   210
     392   1   1   1   0   1    111   112   209   209
     393   1   1   1   0   1    110   111   208   208
     394   1   1   1   0   1    109   110   207   207
     395   1   1   1   0   1    194   108   206   206
     396   1   1   1   0   1    108   109   205   205
     397   1   1   1   0   1    107   194   204   204
     398   1   1   1   0   1    106   107   203   203
     399   1   1   1   0   1    105   106   202   202
     400   1   1   1   0   1    104   105   201   201 
     401   1   1   1   0   1    103   104   200   200
     402   1   1   1   0   1    102   103   199   199
     403   1   1   1   0   1    193   101   198   198
     404   1   1   1   0   1    101   102   197   197
     405   1   1   1   0   1     10   191   192   192
     406   1   1   1   0   1     11   190   191   191
     407   1   1   1   0   1     12   189   190   190
     408   1   1   1   0   1     13   188   189   189
     409   1   1   1   0   1     14   187   188   188
     410   1   1   1   0   1     15   186   187   187
     411   1   1   1   0   1     16   185   186   186
     412   1   1   1   0   1     17   184   185   185
     413   1   1   1   0   1     18   183   184   184
     414   1   1   1   0   1     19   182   183   183
     415   1   1   1   0   1     20   181   182   182
     416   1   1   1   0   1     21   180   181   181
     417   1   1   1   0   1     22   179   180   180
     418   1   1   1   0   1     23   178   179   179
     419   1   1   1   0   1     24   177   178   178
     420   1   1   1   0   1     27   175   176   176
     421   1   1   1   0   1     28   174   175   175
     422   1   1   1   0   1     29   173   174   174
     423   1   1   1   0   1     30   172   173   173
     424   1   1   1   0   1     31   171   172   172
     425   1   1   1   0   1     32   170   171   171
     426   1   1   1   0   1     33   169   170   170
     427   1   1   1   0   1     34   168   169   169
     428   1   1   1   0   1     35   167   168   168
     429   1   1   1   0   1     36   166   167   167
     430   1   1   1   0   1     37   165   166   166
     431   1   1   1   0   1     38   164   165   165
     432   1   1   1   0   1     39   163   164   164
     433   1   1   1   0   1     40   162   163   163
     434   1   1   1   0   1     41   161   162   162
     435   1   1   1   0   1     44   159   160   160
     436   1   1   1   0   1     45   158   159   159
     437   1   1   1   0   1     46   157   158   158
     438   1   1   1   0   1     47   156   157   157
     439   1   1   1   0   1     48   155   156   156
     440   1   1   1   0   1     49   154   155   155
     441   1   1   1   0   1     50   153   154   154
     442   1   1   1   0   1     51   152   153   153
     443   1   1   1   0   1     52   151   152   152
     444   1   1   1   0   1     53   150   151   151
     445   1   1   1   0   1     54   149   150   150
     446   1   1   1   0   1     55   148   149   149
     447   1   1   1   0   1     56   147   148   148
     448   1   1   1   0   1     57   146   147   147
     449   1   1   1   0   1     58   145   146   146
     450   1   1   1   0   1     61   143   144   144
     451   1   1   1   0   1     62   142   143   143
     452   1   1   1   0   1     63   141   142   142
     453   1   1   1   0   1     64   140   141   141
     454   1   1   1   0   1     65   139   140   140
     455   1   1   1   0   1     66   138   139   139
     456   1   1   1   0   1     67   137   138   138
     457   1   1   1   0   1     68   136   137   137
     458   1   1   1   0   1     69   135   136   136
     459   1   1   1   0   1     70   134   135   135
     460   1   1   1   0   1     71   133   134   134
     461   1   1   1   0   1     72   132   133   133
     462   1   1   1   0   1     73   131   132   132
     463   1   1   1   0   1     74   130   131   131
     464   1   1   1   0   1     75   129   130   130
     465   1   1   1   0   1    128     5   193   193
     466   1   1   1   0   1    127    77   128   128
     467   1   1   1   0   1    126    78   127   127
     468   1   1   1   0   1    125    79   126   126
     469   1   1   1   0   1    124    80   125   125
     470   1   1   1   0   1    123    81   124   124
     471   1   1   1   0   1      6   122   196   196
     472   1   1   1   0   1    122    82   123   123
     473   1   1   1   0   1    121     6   196   196
     474   1   1   1   0   1    120    83   121   121
     475   1   1   1   0   1    119    84   120   120
     476   1   1   1   0   1    118    85   119   119
     477   1   1   1   0   1    117    86   118   118
     478   1   1   1   0   1    116    87   117   117
     479   1   1   1   0   1      7   115   195   195
     480   1   1   1   0   1    115    88   116   116
     481   1   1   1   0   1    114     7   195   195
     482   1   1   1   0   1    113    89   114   114
     483   1   1   1   0   1    112    90   113   113
     484   1   1   1   0   1    111    91   112   112
     485   1   1   1   0   1    110    92   111   111
     486   1   1   1   0   1    109    93   110   110
     487   1   1   1   0   1      8   108   194   194
     488   1   1   1   0   1    108    94   109   109
     489   1   1   1   0   1    107     8   194   194
     490   1   1   1   0   1    106    95   107   107
     491   1   1   1   0   1    105    96   106   106
     492   1   1   1   0   1    104    97   105   105
     493   1   1   1   0   1    103    98   104   104
     494   1   1   1   0   1    102    99   103   103
     495   1   1   1   0   1      5   101   193   193
     496   1   1   1   0   1    101   100   102   102
     497   1   1   1   0   1      9    10   192   192
     498   1   1   1   0   1     10    11   191   191
     499   1   1   1   0   1     11    12   190   190
     500   1   1   1   0   1     12    13   189   189
     501   1   1   1   0   1     13    14   188   188
     502   1   1   1   0   1     14    15   187   187
     503   1   1   1   0   1     15    16   186   186
     504   1   1   1   0   1     16    17   185   185
     505   1   1   1   0   1     17    18   184   184
     506   1   1   1   0   1     18    19   183   183
     507   1   1   1   0   1     19    20   182   182
     508   1   1   1   0   1     20    21   181   181
     509   1   1   1   0   1     21    22   180   180
     510   1   1   1   0   1     22    23   179   179
     511   1   1   1   0   1     23    24   178   178
     512   1   1   1   0   1     24    25   177   177
     513   1   1   1   0   1     26    27   176   176
     514   1   1   1   0   1     27    28   175   175
     515   1   1   1   0   1     28    29   174   174
     516   1   1   1   0   1     29    30   173   173
     517   1   1   1   0   1     30    31   172   172
     518   1   1   1   0   1     31    32   171   171
     519   1   1   1   0   1     32    33   170   170
     520   1   1   1   0   1     33    34   169   169
     521   1   1   1   0   1     34    35   168   168
     522   1   1   1   0   1     35    36   167   167
     523   1   1   1   0   1     36    37   166   166
     524   1   1   1   0   1     37    38   165   165
     525   1   1   1   0   1     38    39   164   164
     526   1   1   1   0   1     39    40   163   163
     527   1   1   1   0   1     40    41   162   162
     528   1   1   1   0   1     41    42   161   161
     529   1   1   1   0   1     43    44   160   160
     530   1   1   1   0   1     44    45   159   159
     531   1   1   1   0   1     45    46   158   158
     532   1   1   1   0   1     46    47   157   157
     533   1   1   1   0   1     47    48   156   156
     534   1   1   1   0   1     48    49   155   155
     535   1   1   1   0   1     49    50   154   154
     536   1   1   1   0   1     50    51   153   153
     537   1   1   1   0   1     51    52   152   152
     538   1   1   1   0   1     52    53   151   151
     539   1   1   1   0   1     53    54   150   150
     540   1   1   1   0   1     54    55   149   149
     541   1   1   1   0   1     55    56   148   148
     542   1   1   1   0   1     56    57   147   147
     543   1   1   1   0   1     57    58   146   146
     544   1   1   1   0   1     58    59   145   145
     545   1   1   1   0   1     60    61   144   144
     546   1   1   1   0   1     61    62   143   143
     547   1   1   1   0   1     62    63   142   142
     548   1   1   1   0   1     63    64   141   141
     549   1   1   1   0   1     64    65   140   140
     550   1   1   1   0   1     65    66   139   139
     551   1   1   1   0   1     66    67   138   138
     552   1   1   1   0   1     67    68   137   137
     553   1   1   1   0   1     68    69   136   136
     554   1   1   1   0   1     69    70   135   135
     555   1   1   1   0   1     70    71   134   134
     556   1   1   1   0   1     71    72   133   133
     557   1   1   1   0   1     72    73   132   132
     558   1   1   1   0   1     73    74   131   131
     559   1   1   1   0   1     74    75   130   130
     560   1   1   1   0   1     75    76   129   129
     561   1   1   1   0   1     77     5   128   128
     562   1   1   1   0   1     78    77   127   127
     563   1   1   1   0   1     79    78   126   126
     564   1   1   1   0   1     80    79   125   125
     565   1   1   1   0   1     81    80   124   124
     566   1   1   1   0   1     82    81   123   123
     567   1   1   1   0   1      6    82   122   122
     568   1   1   1   0   1     83     6   121   121
     569   1   1   1   0   1     84    83   120   120
     570   1   1   1   0   1     85    84   119   119
     571   1   1   1   0   1     86    85   118   118
     572   1   1   1   0   1     87    86   117   117
     573   1   1   1   0   1     88    87   116   116
     574   1   1   1   0   1      7    88   115   115
     575   1   1   1   0   1     89     7   114   114
     576   1   1   1   0   1     90    89   113   113
     577   1   1   1   0   1     91    90   112   112
     578   1   1   1   0   1     92    91   111   111
     579   1   1   1   0   1     93    92   110   110
     580   1   1   1   0   1     94    93   109   109
     581   1   1   1   0   1      8    94   108   108
     582   1   1   1   0   1     95     8   107   107
     583   1   1   1   0   1     96    95   106   106
     584   1   1   1   0   1     97    96   105   105
     585   1   1   1   0   1     98    97   104   104
     586   1   1   1   0   1     99    98   103   103
     587   1   1   1   0   1    100    99   102   102
     588   1   1   1   0   1      5   100   101   101