        1    0,00000000000        0,00000000000        0,00000000000    
        2    1000,00000000        0,00000000000        0,00000000000    
        3    1000,00000000        1000,00000000        0,00000000000    
        4    0,00000000000        1000,00000000        0,00000000000    
        5    300,000000000        300,000000000        0,00000000000    
        6    700,000000000        300,000000000        0,00000000000    
        7    700,000000000        700,000000000        0,00000000000    
        8    300,000000000        700,000000000        0,00000000000    
        9    54,9909083395        0,00000000000        0,00000000000    
       10    109,981816679        0,00000000000        0,00000000000    
       11    165,525894481        0,00000000000        0,00000000000    
       12    223,362994408        0,00000000000        0,00000000000    
       13    278,918549963        0,00000000000        0,00000000000    
       14    334,474105519        0,00000000000        0,00000000000    
       15    390,029661074        0,00000000000        0,00000000000    
       16    445,585216630        0,00000000000        0,00000000000    
       17    501,140772185        0,00000000000        0,00000000000    
       18    556,696327741        0,00000000000        0,00000000000    
       19    612,251883296        0,00000000000        0,00000000000    
       20    667,807438852        0,00000000000        0,00000000000    
       21    723,362994408        0,00000000000        0,00000000000    
       22    778,918549963        0,00000000000        0,00000000000    
       23    834,474105519        0,00000000000        0,00000000000    
       24    890,018183321        0,00000000000        0,00000000000    
       25    945,009091660        0,00000000000        0,00000000000    
       26    1000,00000000        54,9909083395        0,00000000000    
       27    1000,00000000        109,981816679        0,00000000000    
       28    1000,00000000        165,525894481        0,00000000000    
       29    1000,00000000        223,362994408        0,00000000000    
       30    1000,00000000        278,918549963        0,00000000000    
       31    1000,00000000        334,474105519        0,00000000000    
       32    1000,00000000        390,029661074        0,00000000000    
       33    1000,00000000        445,585216630        0,00000000000    
       34    1000,00000000        501,140772185        0,00000000000    
       35    1000,00000000        556,696327741        0,00000000000    
       36    1000,00000000        612,251883296        0,00000000000    
       37    1000,00000000        667,807438852        0,00000000000    
       38    1000,00000000        723,362994408        0,00000000000    
       39    1000,00000000        778,918549963        0,00000000000    
       40    1000,00000000        834,474105519        0,00000000000    
       41    1000,00000000        890,018183321        0,00000000000    
       42    1000,00000000        945,009091660        0,00000000000    
       43    945,009091660        1000,00000000        0,00000000000    
       44    890,018183321        1000,00000000        0,00000000000    
       45    834,474105519        1000,00000000        0,00000000000    
       46    776,637005592        1000,00000000        0,00000000000    
       47    721,081450037        1000,00000000        0,00000000000    
       48    665,525894481        1000,00000000        0,00000000000    
       49    609,970338926        1000,00000000        0,00000000000    
       50    554,414783370        1000,00000000        0,00000000000    
       51    498,859227815        1000,00000000        0,00000000000    
       52    443,303672259        1000,00000000        0,00000000000    
       53    387,748116703        1000,00000000        0,00000000000    
       54    332,192561148        1000,00000000        0,00000000000    
       55    276,637005592        1000,00000000        0,00000000000    
       56    221,081450037        1000,00000000        0,00000000000    
       57    165,525894481        1000,00000000        0,00000000000    
       58    109,981816679        1000,00000000        0,00000000000    
       59    54,9909083395        1000,00000000        0,00000000000    
       60    0,00000000000        945,009091660        0,00000000000    
       61    0,00000000000        890,018183321        0,00000000000    
       62    0,00000000000        834,474105519        0,00000000000    
       63    0,00000000000        776,637005592        0,00000000000    
       64    0,00000000000        721,081450037        0,00000000000    
       65    0,00000000000        665,525894481        0,00000000000    
       66    0,00000000000        609,970338926        0,00000000000    
       67    0,00000000000        554,414783370        0,00000000000    
       68    0,00000000000        498,859227815        0,00000000000    
       69    0,00000000000        443,303672259        0,00000000000    
       70    0,00000000000        387,748116703        0,00000000000    
       71    0,00000000000        332,192561148        0,00000000000    
       72    0,00000000000        276,637005592        0,00000000000    
       73    0,00000000000        221,081450037        0,00000000000    
       74    0,00000000000        165,525894481        0,00000000000    
       75    0,00000000000        109,981816679        0,00000000000    
       76    0,00000000000        54,9909083395        0,00000000000    
       77    354,990908339        300,000000000        0,00000000000    
       78    409,981816679        300,000000000        0,00000000000    
       79    466,962592894        300,000000000        0,00000000000    
       80    533,037407106        300,000000000        0,00000000000    
       81    590,018183321        300,000000000        0,00000000000    
       82    645,009091660        300,000000000        0,00000000000    
       83    700,000000000        354,990908339        0,00000000000    
       84    700,000000000        409,981816679        0,00000000000    
       85    700,000000000        466,962592894        0,00000000000    
       86    700,000000000        533,037407106        0,00000000000    
       87    700,000000000        590,018183321        0,00000000000    
       88    700,000000000        645,009091660        0,00000000000    
       89    645,009091660        700,000000000        0,00000000000    
       90    590,018183321        700,000000000        0,00000000000    
       91    533,037407106        700,000000000        0,00000000000    
       92    466,962592894        700,000000000        0,00000000000    
       93    409,981816679        700,000000000        0,00000000000    
       94    354,990908339        700,000000000        0,00000000000    
       95    300,000000000        645,009091660        0,00000000000    
       96    300,000000000        590,018183321        0,00000000000    
       97    300,000000000        533,037407106        0,00000000000    
       98    300,000000000        466,962592894        0,00000000000    
       99    300,000000000        409,981816679        0,00000000000    
      100    300,000000000        354,990908339        0,00000000000    
      101    252,695689621        327,166121288        0,00000000000    
      102    250,782962307        382,486362509        0,00000000000    
      103    249,511213818        440,877034696        0,00000000000    
      104    250,115411091        500,857637955        0,00000000000    
      105    250,397057962        560,682212806        0,00000000000    
      106    250,835691350        617,119895066        0,00000000000    
      107    252,316878509        672,356664629        0,00000000000    
      108    320,478295300        742,393687427        0,00000000000    
      109    379,398142832        746,831266231        0,00000000000    
      110    439,373349984        749,030542912        0,00000000000    
      111    500,578697531        749,635503137        0,00000000000    
      112    560,619290737        749,547023881        0,00000000000    
      113    617,119699686        749,165898921        0,00000000000    
      114    672,357287152        747,684173269        0,00000000000    
      115    742,393678926        679,521708824        0,00000000000    
      116    746,831297157        620,601837473        0,00000000000    
      117    749,030529584        560,626643841        0,00000000000    
      118    749,635485664        499,421302082        0,00000000000    
      119    749,547009113        439,380714436        0,00000000000    
      120    749,165885091        382,880311168        0,00000000000    
      121    747,684169371        327,642717659        0,00000000000    
      122    679,521708824        257,606321074        0,00000000000    
      123    620,601748884        253,168807473        0,00000000000    
      124    560,626474701        250,969806153        0,00000000000    
      125    499,362825345        250,377780572        0,00000000000    
      126    438,452625205        251,287260696        0,00000000000    
      127    379,011845852        253,692079137        0,00000000000    
      128    320,413716577        257,532095680        0,00000000000    
      129    45,0836421930        80,8765518944        0,00000000000    
      130    49,7407733463        136,335397744        0,00000000000    
      131    50,2073644880        194,188814997        0,00000000000    
      132    50,1731548470        251,699731423        0,00000000000    
      133    49,6862097794        308,276562770        0,00000000000    
      134    49,4559421113        363,381542704        0,00000000000    
      135    47,5142853135        417,130581517        0,00000000000    
      136    47,0388256412        471,431137672        0,00000000000    
      137    48,6185309473        525,343410161        0,00000000000    
      138    49,4178227489        579,181490525        0,00000000000    
      139    49,8086076297        633,849148624        0,00000000000    
      140    49,7722371788        689,613645327        0,00000000000    
      141    49,9733461603        746,443844531        0,00000000000    
      142    50,3541964863        804,556067937        0,00000000000    
      143    49,4327239232        863,135174886        0,00000000000    
      144    44,9924033032        918,929456287        0,00000000000    
      145    81,3028793618        955,128183078        0,00000000000    
      146    136,413798808        951,420835571        0,00000000000    
      147    193,303672259        951,961410582        0,00000000000    
      148    248,999207259        950,983741300        0,00000000000    
      149    305,571652875        949,541017440        0,00000000000    
      150    362,216730512        950,121188305        0,00000000000    
      151    417,519896577        952,885225968        0,00000000000    
      152    471,414720288        952,957249646        0,00000000000    
      153    525,340566087        951,382501993        0,00000000000    
      154    579,180796463        950,583906458        0,00000000000    
      155    633,849011196        950,192830867        0,00000000000    
      156    689,613950781        950,229034127        0,00000000000    
      157    746,444266404        950,027676067        0,00000000000    
      158    804,556320589        949,646496990        0,00000000000    
      159    863,135200360        950,567990370        0,00000000000    
      160    918,929400987        955,008115196        0,00000000000    
      161    955,128143506        918,697515110        0,00000000000    
      162    951,420795056        863,586488046        0,00000000000    
      163    951,961410582        806,696327741        0,00000000000    
      164    950,983783873        751,000780942        0,00000000000    
      165    949,541047684        694,428333139        0,00000000000    
      166    950,121186620        637,783268686        0,00000000000    
      167    952,885224153        582,480101109        0,00000000000    
      168    952,957248419        528,585277990        0,00000000000    
      169    951,382499809        474,659432949        0,00000000000    
      170    950,583901876        420,819205041        0,00000000000    
      171    950,192825987        366,150993793        0,00000000000    
      172    950,229031220        310,386052947        0,00000000000    
      173    950,027674823        253,555735595        0,00000000000    
      174    949,646496503        195,443680255        0,00000000000    
      175    950,567990285        136,864799791        0,00000000000    
      176    955,008115189        81,0705990259        0,00000000000    
      177    918,697515110        44,8718564938        0,00000000000    
      178    863,586488046        48,5792049437        0,00000000000    
      179    806,696327741        48,0385894183        0,00000000000    
      180    751,000779258        49,0162173103        0,00000000000    
      181    694,428319328        50,4589619773        0,00000000000    
      182    637,783235306        49,8788367908        0,00000000000    
      183    582,480036447        47,1148208711        0,00000000000    
      184    528,585232813        47,0427832657        0,00000000000    
      185    474,659383710        48,6175717774        0,00000000000    
      186    420,518764836        49,4817232795        0,00000000000    
      187    364,250351883        51,0040638934        0,00000000000    
      188    307,428670726        50,5986553263        0,00000000000    
      189    251,140772185        48,1268868844        0,00000000000    
      190    194,161888069        47,9616912573        0,00000000000    
      191    136,773097390        48,3287289489        0,00000000000    
      192    81,3723888775        44,7890868233        0,00000000000    
      193    261,127697998        274,859733537        0,00000000000    
      194    261,020046119        725,028913763        0,00000000000    
      195    725,029658146        738,980334489        0,00000000000    
      196    738,980333401        274,970343396        0,00000000000    
      197    200,970905025        352,881862928        0,00000000000    
      198    205,585940263        296,242224128        0,00000000000    
      199    198,366512951        411,714915025        0,00000000000    
      200    197,802396559        473,258883115        0,00000000000    
      201    199,516425455        533,736473496        0,00000000000    
      202    200,429293224        591,367675895        0,00000000000    
      203    201,211642116        647,662562386        0,00000000000    
      204    205,461715758        703,562046575        0,00000000000    
      205    342,904658293        791,360432016        0,00000000000    
      206    277,660637535        775,148303409        0,00000000000    
      207    408,659828396        798,202935030        0,00000000000    
      208    471,618414792        800,289105698        0,00000000000    
      209    532,403365029        799,432494250        0,00000000000    
      210    590,558391747        799,048246979        0,00000000000    
      211    647,518740139        798,693906875        0,00000000000    
      212    703,538893334        794,523456704        0,00000000000    
      213    791,360651449        657,095234400        0,00000000000    
      214    775,149146673        722,339000667        0,00000000000    
      215    798,202922984        591,340162792        0,00000000000    
      216    800,289077543        528,381576607        0,00000000000    
      217    799,432459821        467,596642705        0,00000000000    
      218    799,048224099        409,441621089        0,00000000000    
      219    798,693896287        352,481268917        0,00000000000    
      220    794,523452372        296,461111873        0,00000000000    
      221    657,095164121        208,639402987        0,00000000000    
      222    722,339000667        224,850853327        0,00000000000    
      223    591,339870674        201,797314624        0,00000000000    
      224    527,936933585        199,221113195        0,00000000000    
      225    465,511548162        201,057493709        0,00000000000    
      226    404,219216671        204,078429285        0,00000000000    
      227    342,288731646        210,434696768        0,00000000000    
      228    277,702551698        224,850948427        0,00000000000    
      229    103,292467148        102,086692573        0,00000000000    
      230    101,176816029        165,619260811        0,00000000000    
      231    103,252982953        225,475960399        0,00000000000    
      232    101,435873061        284,738234516        0,00000000000    
      233    99,8495794198        341,795171170        0,00000000000    
      234    99,1977624363        395,425206705        0,00000000000    
      235    86,0734125382        445,394846478        0,00000000000    
      236    96,6532795552        498,858966617        0,00000000000    
      237    99,7546506794        546,303784347        0,00000000000    
      238    99,8972655933        601,308509645        0,00000000000    
      239    100,037706227        656,919694656        0,00000000000    
      240    101,012329185        714,021764012        0,00000000000    
      241    103,280898355        773,409419645        0,00000000000    
      242    101,545787625        833,467101528        0,00000000000    
      243    102,935449433        897,489488133        0,00000000000    
      244    165,433080633        903,945931630        0,00000000000    
      245    220,518452372        904,510426610        0,00000000000    
      246    277,218735477        898,656091674        0,00000000000    
      247    334,894923441        897,552096276        0,00000000000    
      248    395,423760910        900,803798863        0,00000000000    
      249    445,012378792        913,429118997        0,00000000000    
      250    498,858967114        903,350356692        0,00000000000    
      251    546,303136786        900,248240752        0,00000000000    
      252    601,307836907        900,105663940        0,00000000000    
      253    656,920010673        899,964566250        0,00000000000    
      254    714,022433200        898,989285754        0,00000000000    
      255    773,410044752        896,720153168        0,00000000000    
      256    833,467430114        898,455188251        0,00000000000    
      257    897,489284620        897,065877216        0,00000000000    
      258    903,945931630        834,566919367        0,00000000000    
      259    904,510588552        779,481521068        0,00000000000    
      260    898,656185968        722,781220060        0,00000000000    
      261    897,552223950        665,105007939        0,00000000000    
      262    900,803794349        604,576232676        0,00000000000    
      263    913,429115531        554,987616265        0,00000000000    
      264    903,350356692        501,141032886        0,00000000000    
      265    900,248228878        453,696859150        0,00000000000    
      266    900,105650503        398,692177147        0,00000000000    
      267    899,964557814        343,079999356        0,00000000000    
      268    898,989281842        285,977572210        0,00000000000    
      269    896,720151642        226,589957594        0,00000000000    
      270    898,455187850        166,532570603        0,00000000000    
      271    897,065877216        102,510715380        0,00000000000    
      272    834,566919367        96,0540683698        0,00000000000    
      273    779,481521057        95,4894114674        0,00000000000    
      274    722,781214624        101,343817846        0,00000000000    
      275    663,834253522        102,514899916        0,00000000000    
      276    604,576065002        99,1963232481        0,00000000000    
      277    554,987474525        86,5709819221        0,00000000000    
      278    501,141032886        96,6496433079        0,00000000000    
      279    452,490078442        99,6954566825        0,00000000000    
      280    396,217651239        101,844209372        0,00000000000    
      281    336,833257901        104,099795382        0,00000000000    
      282    278,760927021        101,887711018        0,00000000000    
      283    222,146997237        95,5796205661        0,00000000000    
      284    166,021572712        95,7349111442        0,00000000000    
      285    213,068037569        241,363645682        0,00000000000    
      286    213,104363469        758,349914675        0,00000000000    
      287    758,351218763        786,896014764        0,00000000000    
      288    786,896014035        241,648782554        0,00000000000    
      289    149,220815213        378,212223411        0,00000000000    
      290    151,991153507        319,120061830        0,00000000000    
      291    155,634559472        260,646173709        0,00000000000    
      292    139,310317652        444,681294419        0,00000000000    
      293    147,858044310        509,904019581        0,00000000000    
      294    149,655741551        567,700794083        0,00000000000    
      295    150,478770044        623,584301534        0,00000000000    
      296    152,111734999        680,683778067        0,00000000000    
      297    156,217087629        738,940393932        0,00000000000    
      298    371,645442190        846,678830065        0,00000000000    
      299    297,293218681        839,511651312        0,00000000000    
      300    230,418050088        807,031690243        0,00000000000    
      301    442,921480550        858,052736744        0,00000000000    
      302    508,031485059        850,411589029        0,00000000000    
      303    566,814901373        849,713407838        0,00000000000    
      304    623,527449703        849,470865291        0,00000000000    
      305    680,646831277        847,862540720        0,00000000000    
      306    738,930963152        843,776759935        0,00000000000    
      307    846,678894119        628,354518525        0,00000000000    
      308    839,512234961        702,706474548        0,00000000000    
      309    807,033882911        769,580652917        0,00000000000    
      310    858,052726200        557,078504219        0,00000000000    
      311    850,411565078        491,968507629        0,00000000000    
      312    849,713386829        433,185105917        0,00000000000    
      313    849,470851528        376,472562431        0,00000000000    
      314    847,862533476        319,353176351        0,00000000000    
      315    843,776756865        261,069040694        0,00000000000    
      316    627,270443770        154,211863312        0,00000000000    
      317    702,706441341        160,487788805        0,00000000000    
      318    769,580652917        192,966117089        0,00000000000    
      319    557,031422522        141,033772810        0,00000000000    
      320    491,968137212        149,589170060        0,00000000000    
      321    430,435500771        151,990422298        0,00000000000    
      322    368,678386456        156,515461988        0,00000000000    
      323    302,075960506        166,645218825        0,00000000000    
      324    230,508535310        192,975644385        0,00000000000    
      325    145,279951064        140,498519874        0,00000000000    
      326    162,977877953        195,710029003        0,00000000000    
      327    162,331484008        803,615440620        0,00000000000    
      328    145,149679166        858,930734276        0,00000000000    
      329    194,634345225        856,524326881        0,00000000000    
      330    243,955325080        861,111737906        0,00000000000    
      331    803,616357589        837,669108499        0,00000000000    
      332    858,931050280        854,850919263        0,00000000000    
      333    856,525041234        805,365581010        0,00000000000    
      334    861,112436445        756,044364945        0,00000000000    
      335    837,669107820        196,383643581        0,00000000000    
      336    854,850919034        141,068950121        0,00000000000    
      337    805,365579994        143,474959631        0,00000000000    
      338    756,044359770        138,887567156        0,00000000000    
      339    245,535563646        140,169789743        0,00000000000    
      340    194,881519163        143,435193639        0,00000000000    
      341    37,0832073590        37,0825844924        0,00000000000    
      342    962,917415508        37,0828667031        0,00000000000    
      343    962,917133297        962,917415508        0,00000000000    
      344    37,0829376013        962,917133297        0,00000000000    